37,0,0,0,-1,0,-1
42,0,2,1,None
40,0,1,1,None
18,0,0,1,None
35,0,2,2,None
22,0,1,2,None
4,0,0,2,-1,0,-1
17,1,2,0,-1,0,-1
16,1,1,0,None
2,1,0,0,None
38,1,2,1,-1,0,-1
34,1,1,1,-1,0,-1
12,1,0,1,-1,0,-1
29,1,1,2,None
3,1,0,2,None
41,2,0,0,-1,0,-1
24,2,1,1,-1,0,-1
23,2,0,1,None
31,2,2,2,-1,0,-1
26,2,1,2,-1,0,-1
5,2,0,2,None
36,3,2,0,None
13,3,1,0,-1,0,-1
6,3,0,0,None
43,3,1,1,-1,0,-1
32,3,0,1,None
27,3,2,2,-1,0,-1
25,3,1,2,-1,0,-1
7,3,0,2,-1,0,-1
11,4,2,0,None
9,4,1,0,None
8,4,0,0,-1,0,-1
20,4,2,1,None
19,4,1,1,None
14,4,0,1,-1,0,-1
39,4,2,2,-1,0,-1
30,4,1,2,None
21,4,0,2,None
33,5,1,1,None
10,5,0,1,None
28,5,2,2,None
15,5,1,2,None
1,5,0,2,-1,0,-1
44,6,0,3,None
45,6,0,3,None
46,6,0,3,None
47,6,0,3,None
48,6,0,3,None
