1000,0,2,1,None
995,0,1,1,None
973,0,0,1,-1,0,-1
984,0,1,2,-1,0,-1
971,0,0,2,-1,0,-1
991,1,1,0,None
987,1,0,0,None
996,1,2,1,None
994,1,1,1,-1,0,-1
975,1,0,1,-1,0,-1
1016,1,2,2,-1,0,-1
1004,1,1,2,None
986,1,0,2,None
1011,2,1,0,-1,0,-1
1003,2,0,0,None
1015,2,0,1,None
1018,2,1,2,-1,0,-1
1005,2,0,2,-1,0,-1
1017,3,2,0,None
982,3,1,0,None
979,3,0,0,None
985,3,2,1,-1,0,-1
977,3,1,1,None
974,3,0,1,-1,0,-1
999,3,1,2,None
978,3,0,2,-1,0,-1
1012,4,2,0,None
1007,4,1,0,-1,0,-1
989,4,0,0,-1,0,-1
1014,4,1,1,-1,0,-1
972,4,0,1,None
1010,4,2,2,None
1009,4,1,2,-1,0,-1
1001,4,0,2,None
981,5,2,0,None
980,5,1,0,None
976,5,0,0,-1,0,-1
998,5,2,1,-1,0,-1
997,5,1,1,None
983,5,0,1,-1,0,-1
993,5,2,2,-1,0,-1
990,5,1,2,-1,0,-1
988,5,0,2,None
1008,6,2,0,None
1002,6,1,0,None
992,6,0,0,-1,0,-1
1020,6,2,1,None
1019,6,1,1,-1,0,-1
1006,6,0,1,-1,0,-1
1013,6,0,2,None
1021,7,0,3,None
1022,7,0,3,None
1023,7,0,3,None
1024,7,0,3,None
1025,7,0,3,None
