3318,0,2,0,None
3289,0,1,0,-1,0,-1
3281,0,0,0,-1,0,-1
3329,0,2,1,None
3324,0,1,1,-1,0,-1
3294,0,0,1,None
3307,0,2,2,None
3270,0,1,2,None
3241,0,0,2,None
3317,0,2,3,None
3302,0,1,3,None
3246,0,0,3,None
3321,0,2,4,-1,0,-1
3320,0,1,4,None
3230,0,0,4,-1,0,-1
3306,1,3,0,None
3304,1,2,0,None
3298,1,1,0,-1,0,-1
3283,1,0,0,-1,0,-1
3326,1,2,1,-1,0,-1
3237,1,1,1,-1,0,-1
3233,1,0,1,-1,0,-1
3331,1,3,2,None
3327,1,2,2,None
3272,1,1,2,None
3250,1,0,2,None
3242,1,2,3,-1,0,-1
3240,1,1,3,-1,0,-1
3221,1,0,3,-1,0,-1
3249,1,1,4,None
3232,1,0,4,None
3280,2,3,0,-1,0,-1
3267,2,2,0,None
3262,2,1,0,None
3257,2,0,0,None
3309,2,1,1,None
3288,2,0,1,-1,0,-1
3325,2,0,3,-1,0,-1
3323,2,2,4,None
3292,2,1,4,-1,0,-1
3275,2,0,4,-1,0,-1
3305,3,3,0,-1,0,-1
3261,3,2,0,-1,0,-1
3251,3,1,0,None
3225,3,0,0,None
3316,3,2,1,-1,0,-1
3291,3,1,1,-1,0,-1
3228,3,0,1,-1,0,-1
3312,3,1,2,-1,0,-1
3223,3,0,2,-1,0,-1
3314,3,3,3,None
3284,3,2,3,None
3231,3,1,3,None
3220,3,0,3,-1,0,-1
3330,3,3,4,None
3264,3,2,4,None
3263,3,1,4,-1,0,-1
3224,3,0,4,-1,0,-1
3297,4,3,0,-1,0,-1
3287,4,2,0,-1,0,-1
3286,4,1,0,-1,0,-1
3268,4,0,0,-1,0,-1
3328,4,2,1,-1,0,-1
3245,4,1,1,-1,0,-1
3235,4,0,1,-1,0,-1
3315,4,3,2,-1,0,-1
3296,4,2,2,None
3285,4,1,2,-1,0,-1
3253,4,0,2,-1,0,-1
3313,4,2,3,None
3278,4,1,3,-1,0,-1
3271,4,0,3,-1,0,-1
3301,4,3,4,-1,0,-1
3300,4,2,4,None
3295,4,1,4,-1,0,-1
3258,4,0,4,-1,0,-1
3311,5,3,0,-1,0,-1
3260,5,2,0,None
3247,5,1,0,-1,0,-1
3227,5,0,0,-1,0,-1
3290,5,3,1,-1,0,-1
3274,5,2,1,-1,0,-1
3226,5,1,1,None
3222,5,0,1,-1,0,-1
3256,5,3,2,-1,0,-1
3244,5,2,2,None
3243,5,1,2,None
3229,5,0,2,None
3273,5,3,3,-1,0,-1
3265,5,2,3,None
3255,5,1,3,None
3239,5,0,3,None
3254,5,3,4,-1,0,-1
3248,5,2,4,-1,0,-1
3236,5,1,4,-1,0,-1
3234,5,0,4,-1,0,-1
3308,6,1,0,-1,0,-1
3266,6,0,0,None
3310,6,3,1,None
3282,6,2,1,-1,0,-1
3269,6,1,1,-1,0,-1
3238,6,0,1,-1,0,-1
3293,6,2,2,None
3279,6,1,2,-1,0,-1
3252,6,0,2,None
3319,6,2,3,None
3303,6,1,3,None
3299,6,0,3,None
3322,6,3,4,None
3277,6,2,4,-1,0,-1
3276,6,1,4,None
3259,6,0,4,None
3332,7,0,5,None
3333,7,0,5,None
3334,7,0,5,None
3335,7,0,5,None
3336,7,0,5,None
