43,0,2,0,-1,0,-1
26,0,1,0,-1,0,-1
23,0,0,0,-1,0,-1
31,0,2,1,None
19,0,1,1,-1,0,-1
4,0,0,1,-1,0,-1
37,0,0,2,None
35,1,2,0,-1,0,-1
29,1,1,0,-1,0,-1
25,1,0,0,-1,0,-1
42,1,1,1,None
15,1,0,1,None
34,1,1,2,None
18,1,0,2,None
38,2,1,0,-1,0,-1
11,2,0,0,-1,0,-1
10,2,2,1,-1,0,-1
6,2,1,1,None
5,2,0,1,-1,0,-1
20,2,1,2,-1,0,-1
9,2,0,2,None
17,3,2,0,None
8,3,1,0,-1,0,-1
3,3,0,0,-1,0,-1
36,3,2,1,-1,0,-1
32,3,1,1,None
30,3,0,1,None
22,3,0,2,-1,0,-1
40,4,2,0,-1,0,-1
13,4,1,0,None
12,4,0,0,None
41,4,2,1,None
39,4,1,1,-1,0,-1
7,4,0,1,-1,0,-1
28,4,2,2,-1,0,-1
27,4,1,2,None
21,4,0,2,-1,0,-1
16,5,2,0,-1,0,-1
14,5,1,0,None
1,5,0,0,None
33,5,2,2,None
24,5,1,2,-1,0,-1
2,5,0,2,None
44,6,0,3,None
45,6,0,3,None
46,6,0,3,None
47,6,0,3,None
48,6,0,3,None
