25,0,2,0,None
18,0,1,0,-1,0,-1
10,0,0,0,-1,0,-1
4,0,0,1,-1,0,-1
27,1,1,0,None
26,1,0,0,None
22,1,2,1,None
21,1,1,1,-1,0,-1
12,1,0,1,-1,0,-1
43,1,2,2,None
38,1,1,2,-1,0,-1
24,1,0,2,None
39,2,2,0,-1,0,-1
29,2,1,0,None
6,2,0,0,None
17,2,2,1,None
15,2,1,1,None
2,2,0,1,-1,0,-1
42,2,2,2,-1,0,-1
37,2,1,2,None
36,2,0,2,None
35,3,0,0,-1,0,-1
41,3,2,1,-1,0,-1
8,3,1,1,None
3,3,0,1,-1,0,-1
14,3,2,2,-1,0,-1
9,3,1,2,None
1,3,0,2,None
31,4,2,0,-1,0,-1
23,4,1,0,-1,0,-1
19,4,0,0,None
40,4,2,1,None
13,4,1,1,None
5,4,0,1,None
28,4,2,2,None
16,4,1,2,-1,0,-1
7,4,0,2,-1,0,-1
33,5,2,0,-1,0,-1
32,5,1,0,-1,0,-1
11,5,0,0,-1,0,-1
34,5,2,2,-1,0,-1
30,5,1,2,None
20,5,0,2,None
44,6,0,3,None
45,6,0,3,None
46,6,0,3,None
47,6,0,3,None
48,6,0,3,None
