59,0,0,0,None
55,0,0,2,-1,0,-1
47,0,2,3,-1,0,-1
40,0,1,3,-1,0,-1
23,0,0,3,None
24,1,1,0,-1,0,-1
8,1,0,0,None
61,1,0,1,-1,0,-1
58,1,1,2,-1,0,-1
5,1,0,2,None
52,1,1,3,None
32,1,0,3,-1,0,-1
38,2,2,0,None
35,2,1,0,-1,0,-1
14,2,0,0,-1,0,-1
66,2,1,1,-1,0,-1
11,2,0,1,None
34,2,2,2,-1,0,-1
18,2,1,2,None
17,2,0,2,-1,0,-1
44,2,2,3,-1,0,-1
9,2,1,3,None
4,2,0,3,-1,0,-1
64,3,2,0,None
46,3,1,0,-1,0,-1
31,3,0,0,-1,0,-1
30,3,2,1,None
13,3,1,1,None
2,3,0,1,None
67,3,2,2,-1,0,-1
12,3,1,2,None
1,3,0,2,None
63,3,1,3,-1,0,-1
15,3,0,3,None
56,4,1,0,None
54,4,0,0,None
57,4,2,1,None
53,4,1,1,-1,0,-1
43,4,0,1,None
36,4,2,2,-1,0,-1
22,4,1,2,None
6,4,0,2,None
60,4,2,3,None
42,4,1,3,None
41,4,0,3,-1,0,-1
29,5,2,0,None
16,5,1,0,-1,0,-1
3,5,0,0,-1,0,-1
65,5,2,1,-1,0,-1
37,5,1,1,-1,0,-1
27,5,0,1,None
21,5,2,2,-1,0,-1
19,5,1,2,None
7,5,0,2,None
62,5,1,3,-1,0,-1
10,5,0,3,None
50,6,2,0,None
49,6,1,0,None
39,6,0,0,-1,0,-1
48,6,1,1,-1,0,-1
20,6,0,1,-1,0,-1
28,6,2,2,None
26,6,1,2,-1,0,-1
25,6,0,2,None
51,6,2,3,None
45,6,1,3,None
33,6,0,3,None
68,7,0,4,None
69,7,0,4,None
70,7,0,4,None
71,7,0,4,None
72,7,0,4,None
