46,0,0,0,-1,0,-1
18,0,2,1,None
9,0,1,1,-1,0,-1
4,0,0,1,None
51,0,2,2,-1,0,-1
37,0,1,2,None
8,0,0,2,-1,0,-1
43,1,2,0,None
23,1,1,0,None
17,1,0,0,None
44,1,1,1,None
14,1,0,1,-1,0,-1
42,1,2,2,None
36,1,1,2,None
21,1,0,2,-1,0,-1
49,2,2,0,-1,0,-1
38,2,1,0,None
6,2,0,0,None
41,2,2,1,-1,0,-1
35,2,1,1,-1,0,-1
13,2,0,1,-1,0,-1
40,2,2,2,-1,0,-1
32,2,1,2,None
20,2,0,2,-1,0,-1
39,3,2,0,None
31,3,1,0,-1,0,-1
5,3,0,0,None
50,3,2,1,None
28,3,1,1,None
2,3,0,1,None
30,3,2,2,None
15,3,1,2,None
11,3,0,2,None
47,4,2,0,-1,0,-1
45,4,1,0,None
16,4,0,0,-1,0,-1
12,4,2,1,None
3,4,1,1,None
1,4,0,1,-1,0,-1
33,4,2,2,None
24,4,1,2,None
22,4,0,2,-1,0,-1
48,5,2,0,-1,0,-1
34,5,1,0,-1,0,-1
19,5,0,0,None
27,5,2,1,-1,0,-1
26,5,1,1,None
10,5,0,1,None
29,5,2,2,-1,0,-1
25,5,1,2,-1,0,-1
7,5,0,2,None
52,6,0,3,None
53,6,0,3,None
54,6,0,3,None
55,6,0,3,None
56,6,0,3,None
